$ 1 0.000005 10.20027730826997 50 5 50 5e-11
v 144 368 144 288 0 0 40 3.5 0 0 0.5
w 144 288 144 208 0
r 144 208 208 208 0 10000
r 144 288 208 288 0 10000
s 208 208 288 208 0 0 false
s 208 288 288 288 0 0 false
t 288 288 336 288 0 1 0.5575792618260899 0.6400041890745318 100 default
t 288 208 336 208 0 1 0.556985943195887 0.6386304537085143 100 default
w 336 224 336 272 0
w 144 368 336 368 0
w 336 304 336 368 0
w 336 368 432 368 0
v 432 368 432 80 0 0 40 5 0 0 0.5
r 432 80 336 80 0 1000
w 336 80 336 128 0
w 336 128 336 192 0
w 336 128 80 128 0
r 80 128 80 240 0 220
162 80 240 80 368 2 default-led 1 0 0 0.01
w 80 368 144 368 0
g 336 368 336 384 0 0
