$ 1 0.000005 10.20027730826997 50 5 50 5e-11
v 192 352 192 256 0 0 40 3.5 0 0 0.5
r 192 256 256 256 0 10000
s 256 256 320 256 0 0 false
t 320 256 368 256 0 1 0.5578031150634236 0.639101828039912 100 default
w 368 240 368 224 0
w 368 272 368 288 0
w 368 288 368 352 0
w 368 352 192 352 0
g 368 352 368 368 0 0
w 368 352 480 352 0
v 480 352 480 80 0 0 40 5 0 0 0.5
w 480 80 368 80 0
w 368 224 128 224 0
r 128 224 128 288 0 220
162 128 288 128 352 2 default-led 1 0 0 0.01
w 128 352 192 352 0
r 368 80 368 224 0 1000
