$ 1 0.000005 10.20027730826997 50 5 50 5e-11
t 112 128 144 128 0 1 -0.4864172482196698 0.16483568315367994 100 default
t 256 128 288 128 0 1 -4.234390615920347e-13 0.6512529313729263 100 default
v 448 160 448 96 0 0 40 5 0 0 0.5
w 288 48 144 48 0
w 144 112 208 112 0
w 288 112 208 112 0
v 48 272 48 192 0 0 40 5 0 0 0.5
r 48 192 48 128 0 10000
s 48 128 112 128 0 1 false
r 48 192 112 192 0 10000
w 176 192 256 192 0
w 256 192 256 128 0
w 144 144 144 336 0
w 144 336 48 336 0
w 48 272 48 336 0
w 448 160 448 336 0
w 208 112 208 224 0
w 144 336 208 336 0
w 288 144 288 336 0
w 208 336 288 336 0
w 288 48 448 48 0
w 448 48 448 96 0
r 144 48 144 112 0 1000
r 288 48 288 112 0 1000
v 608 336 608 208 0 0 40 5 0 0 0.5
r 608 208 608 144 0 1000
r 608 208 672 208 0 1000
s 608 144 672 144 0 1 false
t 672 144 704 144 0 1 -0.4864172190518994 0.1648357123206084 100 default
r 704 128 704 64 0 1000
w 704 160 704 336 0
w 704 336 608 336 0
w 704 128 768 128 0
w 768 336 704 336 0
w 768 128 816 128 0
w 736 208 784 208 0
w 784 208 784 144 0
t 784 144 816 144 0 1 4.234390615920347e-13 0.6512529313729313 100 default
w 816 160 816 336 0
w 816 336 768 336 0
r 816 128 816 64 0 1000
w 704 64 816 64 0
v 864 336 864 64 0 0 40 5 0 0 0.5
w 864 64 816 64 0
w 816 336 864 336 0
w 768 128 768 240 0
w 768 240 256 240 0
w 256 240 256 192 0
w 208 224 208 272 0
w 208 272 784 272 0
w 784 272 784 208 0
w 208 272 208 400 0
w 768 240 768 400 0
162 768 400 608 400 2 default-led 1 0 0 0.01
162 208 400 352 400 2 default-led 1 0 0 0.01
w 352 400 352 336 0
w 608 400 608 336 0
w 288 336 352 336 0
w 352 336 448 336 0
o 53 64 0 4099 1.25 0.00009765625 0 2 53 3
o 54 64 0 4099 1.25 0.00009765625 1 2 54 3
